Spot	Secondary forest	X	Y
CFm0001x	0	174965.354	9734991.76
CFm0002x	0	175809.985	9735244.88
CFm0003x	0	175670.61	9734253.725
CFm0004L	0	176634.254	9734421.712
CFm0004O	0	176529.696	9734416.435
CFm0004x	0	176590.792	9734422.665
CFm0005x	0	174839.153	9732787.904
CFm0006x	0	174839.153	9733181.479
CFm0007x	0	174830.223	9733563.378
CFm0008x	0	175935.471	9733995.421
CFm0009x	0	174839.677	9733975.83
CFm0010x	0	177197.943	9732327.013
CFm0011x	0	177476.438	9732781.726
CFm0012x	0	177064.717	9733501.963
CFm0013x	0	177209.32	9733915.559
CFm0014x	0	175369.975	9734938.676
CFm0015x	0	176290.653	9734829.013
CFm0016x	0	177338.929	9734192.364
CFm0017x	0	175181.036	9734176.576
CFm0018x	0	176923.624	9734200.33
CFm0019x	0	176363.765	9733881.578
CFm0020x	0	176204.3283	9733226.255
CFm0021x	0	176768.448	9733772.321
CFm0022L	0	176628.467	9733284.372
CFm0022N	0	176603.674	9733360.503
CFm0022x	0	176582.835	9733307.4
CFm0023x	0	177792.194	9733718.363
CFm0024x	0	177146.198	9733117.398
CFm0025x	0	177661.253	9733305.756
CFm0026x	0	175262.893	9734586.104
CFm0027x	0	176172.654	9734354.281
CFm0028x	0	175719.645	9734715.18
CFm0029x	0	175623.159	9733746.765
CFm0030L	0	176225.943	9734456.215
CFm0030O	0	176138.343	9734466.912
CFm0030x	0	176185.583	9734471.419
CFm0031L	0	175730.902	9734520.461
CFm0031O	0	175640.553	9734536.594
CFm0031x	0	175707.883	9734520.056
CFm0032L	0	175287.413	9734579.375
CFm0032S	0	175221.817	9734538.422
CFm0032x	0	175248.87	9734587.352
CFm0033N	0	175297.449	9735006.579
CFm0033O	0	175215.455	9734954.707
CFm0033x	0	175273.055	9734956.71
CFm0034L	0	175784.855	9734887.898
CFm0034O	0	175686.273	9734914.897
CFm0034x	0	175732.082	9734883.206
CFm0035L	0	176307.733	9734818.266
CFm0035N	0	176263.8	9734886.195
CFm0035x	0	176247.247	9734831.544
CFm0036L	0	177702.553	9733969.597
CFm0036O	0	177584.787	9734010.159
CFm0036x	0	177650.602	9733987.303
CFm0037L	0	176968.521	9734242.845
CFm0037S	0	176897.434	9734210.043
CFm0037x	0	176912.274	9734257.605
CFm0038N	0	177526.686	9733019.643
CFm0038O	0	177472.033	9732981.434
CFm0038x	0	177506.039	9732978.402
CFm0039N	0	177133.872	9733704.464
CFm0039S	0	177090.316	9733595.537
CFm0039x	0	177123.798	9733644.812
CFm0040x	0	175714.2846	9734955.54
CFm0041x	0	175727.9773	9735055.497
CFm0042x	0	175743.7238	9735156.274
CFm0043x	0	175648.5599	9735171.336
CFm0044x	0	175634.1826	9735069.874
CFm0045x	0	175619.1207	9734969.917
CFm0046x	0	175551.3421	9735185.029
CFm0047x	0	175539.0187	9735085.62
CFm0048x	0	175522.5875	9734984.295
CLc0001L	1	178650.663	9735283.427
CLc0001N	1	178633.964	9735397.955
CLc0001x	1	178615.393	9735345.507
CLc0002L	1	178720.68	9735825.02
CLc0002S	1	178687.787	9735752.129
CLc0002x	1	178676.869	9735798.723
CLc0003N	1	178987.569	9735220.969
CLc0003O	1	178924.572	9735172.45
CLc0003x	1	179002.828	9735169.432
CLc0004L	1	178336.177	9735712.305
CLc0004O	1	178235.359	9735770.943
CLc0004x	1	178299.293	9735738.965
CLc0006x	1	179300.235	9735452.923
CLc0005x	1	179296.631	9735453.984
CLc0007N	1	180609.956	9735866.091
CLc0007S	1	180623.924	9735774.244
CLc0008N	1	180169.484	9735840.396
CLc0008S	1	180183.298	9735731.02
CLc0009L	1	179761.039	9735514.245
CLc0009O	1	179655.601	9735532.067
CLc0010L	1	181790.663	9734506.747
CLc0010O	1	181739.275	9734591.171
CLc0010x	1	181766.714	9734537.853
CLc0011L	1	181232.733	9735083.031
CLc0011O	1	181144.639	9735068.348
CLc0011x	1	181186.156	9735092.886
CLc0012N	1	180349.343	9735183.36
CLc0012S	1	180432.18	9735111.346
CLc0012x	1	180383.2	9735148.564
CLc0013L	1	182219.716	9735482.508
CLc0013O	1	182117.346	9735530.843
CLc0014L	1	182380.862	9734820.712
CLc0014O	1	182459.024	9734763.073
CLc0015N	1	180802.806	9734554.996
CLc0015S	1	180762.743	9734461.379
CLc0016O	1	179044.121	9735556.077
CLc0016S	1	179075.798	9735519.933
CLc0016x	1	179086.279	9735563.73
CLm0001x	0	180136.1316	9733722.844
CLm0002x	0	180707.6216	9734045.156
CLm0003x	0	180739.2003	9733932.705
CLm0004x	0	180771.9343	9733820.639
CLm0005x	0	180669.4962	9733785.594
CLm0006x	0	180634.8366	9733896.89
CLm0007x	0	180603.2579	9734006.26
CLm0008x	0	180498.5092	9733973.911
CLm0009x	0	180528.1623	9733860.69
CLm0010x	0	180563.592	9733750.935
DIc0001x	1	154436.103	9740908.46
DIc0002x	1	154538.351	9741443.461
DIc0003x	1	154665.801	9741881.254
DIc0004x	1	154217.927	9741992.863
DIc0005x	1	155263.61	9741710.357
DIc0006x	1	154924.8728	9742313.379
DIc0007x	1	155011.124	9742911.1
DIc0008x	1	155599.91	9743369.514
DIc0009x	1	156370.964	9742935.162
DIc0010x	1	156075.934	9742213.322
DIm0001x	0	154269.844	9740504.958
DIm0002x	0	154114.802	9740016.411
DIm0003x	0	154162.951	9739594.065
DIm0004x	0	154630.863	9739266.694
DIm0005x	0	155111.044	9739260.001
DIm0006x	0	155465.754	9739838.474
DIm0007x	0	153151.198	9741519.351
DIm0008x	0	152758.067	9741604.648
DIm0009x	0	155386.2369	9741144.381
DIm0010x	0	155333.0077	9741013.082
DIm0011x	0	155272.6813	9740807.263
DIm0012x	0	155886.5913	9740981.145
DIm0013x	0	155719.8065	9740800.166
DIm0014x	0	155762.3899	9740608.54
DIm0015x	0	156174.0289	9740881.784
DIm0016x	0	156113.7025	9740707.902
DIm0017x	0	156134.9942	9740452.401
DIm0018x	0	155031.3756	9741339.555
DIm0019x	0	154215.1947	9741286.325
DIm0020x	0	153867.4307	9741467.305
DIm0021x	0	153785.8126	9741222.45
DIm0022x	0	153633.2222	9741559.569
FLm0001x	0	182946.6328	9734815.817
FLm0002x	0	182468.753	9736008.151
FLm0003x	0	182227.4473	9735960.836
FLm0004x	0	182785.7624	9735113.9
FLm0005x	0	183325.1515	9736183.216
FLm0006x	0	182960.8273	9736088.586
FLm0007x	0	183211.5959	9735719.53
FLm0008x	0	182695.8642	9735676.947
FLm0009x	0	183183.207	9735918.253
FLm0010x	0	182516.0678	9735596.512
GAm0001x	0	183048.963	9730967.769
GAm0002x	0	183343.469	9731546.679
GAm0003x	0	183408.578	9732236.28
GAm0004x	0	183575.018	9732881.405
GAm0005x	0	183731.37	9733388.06
GAm0006x	0	183904.984	9733861.863
GAm0007x	0	184367.858	9733916.1
GAm0008x	0	184808.137	9733977.011
GAm0009x	0	185426.066	9734024.22
GAm0010x	0	185263.245	9733273.296
GAm0011x	0	184850.401	9733072.556
GAm0012x	0	184428.7198	9733026.684
GAm0013x	0	183974.5404	9732968.842
GAm0014x	0	185077.219	9732693.185
GAm0015x	0	184819.392	9731986.065
GAm0016x	0	184481.01	9731491.875
GAm0017x	0	183898.081	9731480.076
GAm0018x	0	182926.264	9731603.958
GAm0019x	0	182769.067	9731974.572
GAm0020x	0	182950.2165	9731423.368
GAm0021x	0	183527.7532	9731809.28
GAm0022x	0	182713.3466	9732051.472
GAm0023x	0	182739.9612	9731777.342
GAm0024x	0	182939.5706	9731891.785
PAc0001x	1	169641.966	9736717.994
PAc0002x	1	168732.951	9736569.579
PAc0003x	1	168074.371	9736719.313
PAc0004x	1	167317.0989	9736752.807
PAc0005x	1	167678.3236	9737229.082
PAc0006x	1	168445.115	9737869.664
PAc0007x	1	168806.311	9737695.761
PAc0008x	1	169201.345	9737513.404
PAc0009x	1	169118.281	9737125.284
PAc0010x	1	169054.701	9736728.956
PAc0011x	1	169910.158	9737746.078
PAc0012x	1	170093.037	9738684.016
PAc0013x	1	170551.287	9738891.304
PAc0014x	1	171488.158	9738771.842
PAc0015x	1	171879.267	9738997.816
PAc0016x	1	172290.367	9739103.85
PAc0017x	1	172319.176	9739625.919
PAc0018x	1	171988.091	9739982.946
PAc0019x	1	171855.149	9739565.262
PAc0020x	1	171181.5799	9740040.037
PAc0021x	1	169826.61	9739281.256
PAc0022x	1	169987.5599	9739858.614
PAc0023x	1	170566.787	9739841.212
PAc0024x	1	170444.668	9739339.6
PAm0001x	0	170378.97	9737289.124
PAm0002x	0	170775.329	9737261.23
PAm0003x	0	170938.803	9736880.44
PAm0004x	0	170568.6082	9736698.514
PAm0005x	0	170063.483	9736676.602
PAm0006x	0	171377.293	9740732.712
PAm0007x	0	171460.327	9741230.918
PAm0008x	0	172121.019	9741176.518
PAm0009x	0	172023.076	9740664.576
PAm0010x	0	169666.2192	9737342.749
PAm0011x	0	169755.9696	9738276.33
PAm0012x	0	169724.032	9738063.413
PAm0013x	0	169785.2456	9738489.247
PAm0014x	0	168760.5837	9738556.367
PAm0015x	0	169263.5995	9738667.564
PAm0016x	0	168885.6723	9738281.653
PAm0017x	0	169210.3704	9738273.668
PAm0018x	0	169300.86	9738071.398
PAm0019x	0	169151.8182	9737853.158
PAm0020x	0	171162.2899	9739450.403
PAm0021x	0	171149.2375	9739264.409
PAm0022x	0	170983.7641	9739371.807
PAm0023x	0	170980.3957	9739290.965
PAm0024x	0	170905.1679	9739479.596
QUm0001x	0	192833.582	9729478.946
QUm0002x	0	192860.179	9729896.226
QUm0003x	0	192210.809	9729170.036
QUm0004x	0	192284.033	9730135.26
QUm0005x	0	191870.393	9729793.791
QUm0006x	0	191547.853	9730704.07
QUm0007x	0	191117.219	9730249.457
QUm0008x	0	191033.335	9731092.759
QUm0009x	0	190722.237	9730283.945
QUm0010x	0	190743.326	9730779.1
QUm0011x	0	193209.276	9729330.726
QUm0012x	0	193303.541	9730389.785
QUm0013x	0	193342.133	9730896.539
QUm0014x	0	193700.811	9730319.09
QUm0015x	0	193843.369	9730820.15
QUm0016x	0	194067.728	9729799.793
QUm0017x	0	194075.032	9730203.607
QUm0018x	0	192577.101	9728984.03
QUm0019x	0	194448.274	9729468.864
QUm0020x	0	191511.738	9730204.958
QUm0021x	0	192185.7397	9729441.394
QUm0022x	0	192522.9634	9729810.983
QUm0023x	0	192126.2296	9729959.236
QUm0B04x	0	192780.0	9728947.905
QUm0B06x	0	192810.086	9729133.729
QUm0B08x	0	192827.027	9729347.78
QUm0B09x	0	192833.582	9729478.946
QUm0B10x	0	192833.909	9729545.836
QUm0B12x	0	192847.832	9729746.317
QUm0B13x	0	192860.179	9729896.226
QUm0B14x	0	192863.05	9729953.274
QUm0B16x	0	192878.416	9730136.526
QUm0B18x	0	192904.676	9730344.925
QUm0B20x	0	192936.153	9730542.273
QUm0B22x	0	192943.911	9730743.209
QUm0B24x	0	192965.269	9730934.803
QUm0D24x	0	192754.815	9730945.015
QUm0E24x	0	192660.813	9730953.37
QUm0H04N	0	191424.759	9729132.361
QUm0H04S	0	191417.733	9729031.422
QUm0H04x	0	192174.989	9728996.299
QUm0H06x	0	192206.347	9729193.419
QUm0H08x	0	192242.96	9729399.983
QUm0H10x	0	192249.227	9729589.469
QUm0H12N	0	192274.428	9729850.653
QUm0H12S	0	192262.849	9729744.394
QUm0H12x	0	192268.809	9729800.082
QUm0H14x	0	192285.446	9730002.577
QUm0H16x	0	192296.126	9730181.457
QUm0H17x	0	192302.034	9730303.784
QUm0H18x	0	192318.588	9730394.51
QUm0H20N	0	192329.153	9730626.948
QUm0H20S	0	192321.23	9730528.664
QUm0H20x	0	192307.438	9730574.293
QUm0H22x	0	192353.719	9730779.913
QUm0H24x	0	192355.454	9730989.361
QUm0M04x	0	191817.206	9729020.295
QUm0M06x	0	191824.008	9729214.652
QUm0M08x	0	191845.388	9729426.502
QUm0M10x	0	191860.99	9729617.128
QUm0M12x	0	191872.598	9729827.85
QUm0M14x	0	191886.203	9730015.405
QUm0M16x	0	191902.723	9730223.367
QUm0M18x	0	191919.092	9730417.239
QUm0M19x	0	191928.358	9730523.499
QUm0M20x	0	191939.317	9730612.386
QUm0M22x	0	191954.076	9730814.092
QUm0M24x	0	191969.928	9731019.625
QUm0O24x	0	191775.361	9731037.417
QUm0Q04N	0	191424.759	9729132.361
QUm0Q04S	0	191417.733	9729031.422
QUm0Q04x	0	191436.785	9729045.892
QUm0Q06x	0	191434.451	9729258.017
QUm0Q08x	0	191437.137	9729440.75
QUm0Q10x	0	191456.085	9729643.204
QUm0Q12N	0	191475.647	9729875.676
QUm0Q12S	0	191481.959	9729783.728
QUm0Q12x	0	191474.451	9729843.712
QUm0Q13x	0	191487.81	9729948.119
QUm0Q14x	0	191486.953	9730037.55
QUm0Q16x	0	191498.529	9730197.676
QUm0Q18x	0	191522.193	9730430.408
QUm0Q20N	0	191539.779	9730676.563
QUm0Q20S	0	191530.749	9730575.509
QUm0Q20x	0	191539.495	9730636.363
QUm0Q22x	0	191548.535	9730831.485
QUm0Q24x	0	191558.75	9731036.182
QUm0U04x	0	191030.032	9729076.512
QUm0U06x	0	191039.228	9729271.671
QUm0U07x	0	191043.284	9729381.293
QUm0U08x	0	191046.381	9729469.896
QUm0U10x	0	191065.007	9729679.455
QUm0U11x	0	191083.783	9729769.97
QUm0U12x	0	191083.671	9729861.863
QUm0U14x	0	191093.099	9730067.18
QUm0U16x	0	191103.07	9730269.067
QUm0U18x	0	191114.257	9730484.275
QUm0U20x	0	191141.219	9730665.446
QUm0U22x	0	191167.528	9730869.646
QUm0U24x	0	191162.078	9731079.006
QUm0X24x	0	190975.603	9731094.088
QUmAB08N	0	190667.368	9729539.913
QUmAB08S	0	190657.448	9729439.189
QUmAB08x	0	190660.377	9729473.916
QUmAB10x	0	190679.024	9729706.937
QUmAB12x	0	190695.046	9729903.104
QUmAB14x	0	190699.285	9730107.899
QUmAB16N	0	190716.801	9730340.886
QUmAB16S	0	190716.34	9730240.735
QUmAB16x	0	190706.536	9730301.848
QUmAB18x	0	190728.287	9730499.423
QUmAB20x	0	190745.574	9730716.404
QUmAB22x	0	190752.837	9730945.19
QUmAB24L	0	190849.135	9731101.857
QUmAB24S	0	190764.227	9731038.162
QUmAB24x	0	190774.301	9731106.998
QUmCC08L	0	193275.726	9729309.254
QUmCC08O	0	193170.204	9729311.914
QUmCC08x	0	193214.689	9729313.096
QUmCC10x	0	193243.713	9729517.694
QUmCC12x	0	193254.876	9729720.473
QUmCC13x	0	193266.215	9729822.297
QUmCC14x	0	193256.407	9729909.822
QUmCC16N	0	193282.544	9730162.797
QUmCC16S	0	193276.969	9730059.096
QUmCC16x	0	193281.415	9730117.033
QUmCC18x	0	193298.561	9730320.448
QUmCC20x	0	193308.609	9730505.905
QUmCC22x	0	193326.982	9730695.094
QUmCC24N	0	193332.924	9730944.167
QUmCC24S	0	193317.101	9730844.208
QUmCC24x	0	193339.521	9730917.82
QumEE24x	0	193594.12	9730915.331
QUmGG08x	0	193586.28	9729285.041
QUmGG09x	0	193620.728	9729384.506
QUmGG10x	0	193619.144	9729472.788
QUmGG12x	0	193629.755	9729684.783
QUmGG14x	0	193656.789	9729887.938
QUmGG16x	0	193673.125	9730084.721
QUmGG18x	0	193691.035	9730274.84
QUmGG20x	0	193750.275	9730467.713
QUmGG22x	0	193803.272	9730660.156
QUmGG24x	0	193871.466	9730903.487
QUmKK08x	0	194022.175	9729253.346
QUmKK09x	0	194033.034	9729351.894
QUmKK10x	0	194038.521	9729455.713
QUmKK12x	0	194058.669	9729661.847
QUmKK14x	0	194068.313	9729879.949
QUmKK16x	0	194080.348	9730048.135
QUmKK18x	0	194092.336	9730229.446
QUmKK20x	0	194115.584	9730455.729
QUmKK22x	0	194141.157	9730632.415
QUmKK23x	0	194162.682	9730729.503
QUmKK24x	0	194154.331	9730888.144
QUmMM24x	0	194346.2546	9730838.49
QUmOO08x	0	194410.604	9729226.478
QUmOO10x	0	194440.696	9729413.71
QUmOO12x	0	194457.626	9729615.688
QUmOO14x	0	194472.908	9729825.28
QUmOO16x	0	194487.464	9730002.242
QUmOO17x	0	194488.222	9730129.882
QUmOO18x	0	194509.764	9730228.761
QUmOO20x	0	194521.525	9730396.614
QUmOO22x	0	194530.935	9730498.097
QUmOO24x	0	194561.273	9730795.956
TSm0001x	0	187864.596	9732027.113
TSm0002x	0	187484.26	9732247.307
TSm0003x	0	187140.623	9732464.165
TSm0004x	0	186506.73	9732620.97
TSm0005N	0	186398.65	9732017.904
TSm0005S	0	186390.416	9731905.644
TSm0005x	0	186383.288	9731960.387
TSm0006x	0	186496.721	9731022.893
TSm0007x	0	189746.34	9730842.051
TSm0008x	0	189269.1595	9730817.422
TSm0009x	0	189142.9376	9730392.578
TSm0010x	0	188699.622	9730832.815
TSm0011x	0	188844.315	9731343.86
TSm0012L	0	188341.073	9731727.299
TSm0012O	0	188253.41	9731808.493
TSm0012x	0	188299.555	9731760.051
TSm0013L	0	187662.793	9732163.638
TSm0013O	0	187563.916	9732208.33
TSm0013x	0	187608.907	9732176.523
TSm0014L	0	186947.938	9732540.975
TSm0014O	0	186860.309	9732605.333
TSm0014x	0	186902.113	9732579.569
TSm0015N	0	186470.888	9731212.709
TSm0015S	0	186456.993	9731108.855
TSm0015x	0	186456.205	9731170.272
TSm0016N	0	189279.981	9730364.58
TSm0016O	0	189182.179	9730345.67
TSm0016x	0	189234.821	9730318.091
TSm0017L	0	188586.355	9730946.794
TSm0017N	0	188525.967	9731032.721
TSm0017x	0	188516.682	9731002.385
TSm0018O	0	189861.76	9731091.606
TSm0018S	0	189898.309	9730996.612
TSm0018x	0	189917.9681	9731059.234
TSm0019L	0	189264.099	9731674.49
TSm0019S	0	189168.862	9731665.876
TSm0019x	0	189207.655	9731727.103
TSm0020L	0	189180.953	9730925.289
TSm0020O	0	189098.033	9731000.234
TSm0020x	0	189142.095	9730941.816
TSm0021x	0	186124.1609	9731635.046
TSm0022x	0	186549.8184	9733103.399
TSm0023x	0	189959.9318	9729592.831
TSm0024x	0	190052.5281	9729615.981
TSm0025x	0	190147.2946	9729640.576
TSm0026x	0	190241.3378	9729666.619
TSm0027x	0	190342.615	9729692.662
TSm0028x	0	189936.7827	9729684.704
TSm0029x	0	190030.8258	9729708.577
TSm0030x	0	190127.0392	9729733.896
TSm0031x	0	190218.9121	9729759.215
TSm0032x	0	190318.0191	9729783.811
TSm0033x	0	189915.0804	9729781.641
TSm0034x	0	190009.1236	9729804.79
TSm0035x	0	190103.1667	9729832.28
TSm0036x	0	190199.3801	9729853.982
TSm0037x	0	190294.1466	9729879.301
TSm0038x	0	189888.3143	9729880.748
TSm0039x	0	189983.8043	9729900.28
TSm0040x	0	190078.5708	9729926.323
TSm0041x	0	190173.3374	9729952.366
TSm0042x	0	190270.9975	9729976.962
TSm0043x	0	189864.4418	9729984.919
TSm0044x	0	189961.3786	9730010.962
TSm0045x	0	190053.2515	9730035.558
TSm0046x	0	190149.4649	9730057.983
TSm0047x	0	190242.0612	9730086.196
